-28
112
-10
37
000000000000000000000000000000000000000000000000000000000000000000000000000000000000000000000000000000000000000000000000000000000000000000000
100000000000000000000000000000000000000000000000000000000000000000001100000000000000000000000000000000000000000000000000000000000000000000010
000000000000000000000000000000000000000000000000000000000000000000000000000000000000000000000000000000000000000000000000000000000000000000000
000000000000000000000000000000000000000000000000000000000000000000000000000000000000000000000000000000000000000000000000000000000000000000000
000000000000000000000000000000000000000000000000000000111000111000000000000000001000000000000000000000000000000000000000000000000000000000000
000000000000000000000000000000000000000000000000000000111000111000000000000000011000000000000000000000000000000000000000000000000000000000000
000000000000000000000000000000000000000000000000000000000000000000000000000000011000000000000000000000000000000000000000000000000000000000000
000000000000000000000000000000000000000000000000000000000000000000000000000000011000000000000000000000000000000000000000000000000000000000000
000000000000000000000000000000000000000000000000000000111000111000000000000000000000000000000000000000000000000000000000000000000000000000000
000000000000000000000000000000000000000000000000000000111000111000000000000000000000000000000000000000000000000000000000000000000000000000000
000000000000000000000000000000000000000000000000000000000000000000000000000000000000000000000000000000000000000000000000000000000000000000000
000000000000000000000000000000000000000000000000000000000000000000000000000000000000000000000000000000000000000000000000000000000000000000000
000000000000000000000000000000000000000000000000000000000000000000000000000000000000000000000000000000000000000000000000000000000000000000000
000000000000000000000000010000000001111111000000000000000000000000000000000000000000000000000000000000000000000000000000000000000000000000000
000000000000000000000000000000000001010100000000000000000000000000000000000000000000000000000000000000000000000000000000000000000000000000000
000000000000000001000000000000000000000000000000000000000000000000000000000000000000000000000000000000000000000000000000000000000000000000000
000000000000000001000000000000111010101010000000000000000000000000000000000000000000000000000000000000000000000000000000000000000000000000000
000000000000000000000001000000111011111111000000000000000000000000000000000000000000000000000000000000000000000000000000000000000000000000000
000000000000000000000000000010000000000000000000000000000000000000000000000000011000000000000000000000000000000000000000000000000000000000000
000000000000000000000000000010000000000000000000000000000000000000000000000000011000000000000000000000000000000000000000000000000000000000000
000000000000000000000000000000111011111111000000000000000000000000000000000000011000000000000000000000000000000000000000000000000000000000000
000000000000000000000000000000111011101010000000000000000000000000000000000000000000000000000000000000000000000000000000000000000000000000000
000000000000000000000000000000000000000000000000000000000000000000000000000000000000000000000000000000000000000000000000000000000000000000000
000000000000000000000000000000000000000000000000000000000000000000000000000000000000000000000000000000001000000000000000000000000000000000000
000000000000000000000000010000000000000001000000000000000000000000000000000000000000000000000000000000011000000000000000000000000000000000000
000000000000000000000000000000000000000000000000000000000000000000000000000000000000000000000000000000011000000000000000000000000000000000000
000000000000000000000000000000000000000000000000000000000000000000000000000000000000000000000000000000011000000000000000000000000000000000000
100000000000000000000000000000000000000000000000000000000000000000000000000000000000000000000000000000000000000000000000000000000000000000000
000100100100100000000000000000000000000000000000000000000000000000000000000000000000000000000000000000000000000000000000000000000000000000000
100000000000000000000000000000000000000000000000000000000000000000000000000000000000111111000000000000000000000000000000000000000000000000000
100100100100100000000000010010000000000010000000000000010000000000000000000000000000111111000000000000000000000000000000000000000000000000000
000000000000000000000000000000000000000000000000000000000000000000000000000000000000111111000000000000000000000000000000000000000000000000000
000000000000000000000000000000000000000000000000000000000000000000000000000000000000000000000000000000000000000000000000000000000000000000000
100000000000000000000000000100000000000000000000000000000000000000001111100000000000000000000000000000000010000000000000000000000000000000000
100000000000000001000000000000000000000000000000000000000000000000001111100000000000000000000000000000000000000000000000000000000000000000000
000000000000000000010100000011010000000000000000000000000000000000000000000000000000000000000000000000000000000000000000000000000000000000000
000000000000000000000000000000000000000000000000000000000000000000000000000000000000000000000000000000000010000000000000000000000000000000000
100000000000000000000000000000000000000000000000000000000000000000000000000000110000000000000000000000000000000000000000000000000000000000000
100100100100100000011100000001110000000000000000000000000000000000000000000000110000000000001100000000000000000000000000000000000000000000000
100000000000000000000000000000000000000000000000000000000000000000000000000000110000000000001010000000000000000000000000000000000000000000000
000100100100100000000000000000000000000000000000000000000000000000000000000000110000000000000000000000000000000000000000000000000000000000000
100000000000000000011100000001010000000000000000000000000000000000000000000000100000000000000000100000000000000000000000000000000000000000000
000000000000000000000000000000000000000000000000000000000000000000000000000000000000000000000000000000000000000000000000000000000000000000000
000000000000000000000000000000000000000000000000000000000000000000000000000000000000000000000000000000000000000000000000000000000000000000000
000000000000000000010110000011010000000000000000000000000000000000000000000000000000000000000000000000000000000000000000000000000000000000000
000000000000000000000000000000000000000000000000000000000000000000000000000000000000000000000000000000000000000000000000000000000000000000000
000000000000000000000000000000000000000000000000000000000000000000000000000000000000000000000000000011001000000000000000000000000000000000000
100000000000000000101100110011001011000110001101001100110011001000000000000000000000000000000000000000000000000000000000000000000000000000100
